优化前：
比较次数：1830次
交换次数：813次
[1, 2, 4, 6, 9, 10, 11, 12, 15, 22, 24, 25, 30, 34, 40, 42, 43, 44, 49, 50, 54, 62, 69, 70, 72, 75, 78, 87, 89, 91, 92, 95, 100, 102, 109, 121, 124, 126, 128, 129, 131, 137, 139, 148, 158, 162, 166, 168, 169, 170, 174, 178, 179, 180, 181, 183, 187, 194, 197, 198, 199]
比较次数：3321次
交换次数：1965次
[1, 3, 4, 6, 8, 10, 11, 12, 13, 15, 17, 18, 23, 24, 28, 29, 32, 33, 35, 38, 40, 41, 42, 43, 46, 50, 54, 57, 58, 63, 65, 67, 70, 75, 76, 77, 79, 82, 89, 92, 93, 97, 100, 103, 105, 106, 107, 108, 111, 113, 117, 121, 123, 124, 126, 127, 130, 131, 137, 140, 141, 144, 145, 148, 149, 151, 152, 153, 160, 165, 166, 169, 175, 179, 182, 184, 185, 188, 189, 194, 197, 200]
比较次数：2211次
交换次数：1167次
[4, 10, 15, 22, 24, 26, 28, 29, 32, 35, 37, 38, 39, 41, 42, 44, 46, 47, 51, 52, 54, 59, 63, 64, 66, 69, 70, 72, 74, 75, 79, 81, 82, 85, 86, 91, 96, 98, 100, 102, 107, 108, 115, 116, 120, 128, 133, 139, 140, 142, 143, 144, 153, 156, 157, 162, 166, 170, 172, 179, 184, 187, 188, 193, 195, 196, 198]



优化后：
比较次数：1795次
交换次数：813次
[1, 2, 4, 6, 9, 10, 11, 12, 15, 22, 24, 25, 30, 34, 40, 42, 43, 44, 49, 50, 54, 62, 69, 70, 72, 75, 78, 87, 89, 91, 92, 95, 100, 102, 109, 121, 124, 126, 128, 129, 131, 137, 139, 148, 158, 162, 166, 168, 169, 170, 174, 178, 179, 180, 181, 183, 187, 194, 197, 198, 199]
比较次数：3172次
交换次数：1965次
[1, 3, 4, 6, 8, 10, 11, 12, 13, 15, 17, 18, 23, 24, 28, 29, 32, 33, 35, 38, 40, 41, 42, 43, 46, 50, 54, 57, 58, 63, 65, 67, 70, 75, 76, 77, 79, 82, 89, 92, 93, 97, 100, 103, 105, 106, 107, 108, 111, 113, 117, 121, 123, 124, 126, 127, 130, 131, 137, 140, 141, 144, 145, 148, 149, 151, 152, 153, 160, 165, 166, 169, 175, 179, 182, 184, 185, 188, 189, 194, 197, 200]
比较次数：2146次
交换次数：1167次
[4, 10, 15, 22, 24, 26, 28, 29, 32, 35, 37, 38, 39, 41, 42, 44, 46, 47, 51, 52, 54, 59, 63, 64, 66, 69, 70, 72, 74, 75, 79, 81, 82, 85, 86, 91, 96, 98, 100, 102, 107, 108, 115, 116, 120, 128, 133, 139, 140, 142, 143, 144, 153, 156, 157, 162, 166, 170, 172, 179, 184, 187, 188, 193, 195, 196, 198]